bounded_net['octagonal_prism'] = \
{   0: [(1, 0), (2, 0), (3, 0), (4, 0), (5, 0), (6, 0), (7, 0), (8, 0)],
    1: [(0, 0), (8, 1), (9, 0), (2, 2)],
    2: [(0, 0), (1, 2), (9, 3), (3, 4)],
    3: [(0, 0), (2, 4), (9, 5), (4, 6)],
    4: [(0, 0), (3, 6), (9, 7), (5, 8)],
    5: [(0, 0), (4, 8), (9, 9), (6, 10)],
    6: [(0, 0), (5, 10), (9, 11), (7, 12)],
    7: [(0, 0), (6, 12), (9, 13), (8, 14)],
    8: [(0, 0), (7, 14), (9, 15), (1, 1)],
    9: [(1, 0), (8, 15), (7, 13), (6, 11), (5, 9), (4, 7), (3, 5), (2, 3)]}