bounded_net['octagonal_antiprism'] = \
{   0: [(1, 0), (2, 0), (3, 0), (4, 0), (5, 0), (6, 0), (7, 0), (8, 0)],
    1: [(0, 0), (16, 1), (9, 0)],
    2: [(0, 0), (9, 2), (10, 0)],
    3: [(0, 0), (10, 3), (11, 0)],
    4: [(0, 0), (11, 4), (12, 0)],
    5: [(0, 0), (12, 5), (13, 0)],
    6: [(0, 0), (13, 6), (14, 0)],
    7: [(0, 0), (14, 7), (15, 0)],
    8: [(0, 0), (15, 8), (16, 0)],
    9: [(1, 0), (17, 0), (2, 2)],
    10: [(2, 0), (17, 9), (3, 3)],
    11: [(3, 0), (17, 10), (4, 4)],
    12: [(4, 0), (17, 11), (5, 5)],
    13: [(5, 0), (17, 12), (6, 6)],
    14: [(6, 0), (17, 13), (7, 7)],
    15: [(7, 0), (17, 14), (8, 8)],
    16: [(8, 0), (17, 15), (1, 1)],
    17: [   (9, 0),
            (16, 15),
            (15, 14),
            (14, 13),
            (13, 12),
            (12, 11),
            (11, 10),
            (10, 9)]}