all_tilings['dodecagonal_prism'] = \
{   0: [   (2, 0),
           (1, 0),
           (3, 0),
           (4, 0),
           (5, 0),
           (6, 0),
           (7, 0),
           (8, 0),
           (9, 0),
           (10, 0),
           (11, 0),
           (12, 0)],
    1: [(0, 0), (2, 2), (13, 3), (3, 4)],
    2: [(0, 0), (12, 1), (13, 0), (1, 2)],
    3: [(0, 0), (1, 4), (13, 5), (4, 6)],
    4: [(0, 0), (3, 6), (13, 7), (5, 8)],
    5: [(0, 0), (4, 8), (13, 9), (6, 10)],
    6: [(0, 0), (5, 10), (13, 11), (7, 12)],
    7: [(0, 0), (6, 12), (13, 13), (8, 14)],
    8: [(0, 0), (7, 14), (13, 15), (9, 16)],
    9: [(0, 0), (8, 16), (13, 17), (10, 18)],
    10: [(0, 0), (9, 18), (13, 19), (11, 20)],
    11: [(0, 0), (10, 20), (13, 21), (12, 22)],
    12: [(0, 0), (11, 22), (13, 23), (2, 1)],
    13: [   (2, 0),
            (12, 23),
            (11, 21),
            (10, 19),
            (9, 17),
            (8, 15),
            (7, 13),
            (6, 11),
            (5, 9),
            (4, 7),
            (3, 5),
            (1, 3)]}