bounded_net['cuboctahedron'] = \
{   0: [(1, 0), (2, 0), (3, 0), (4, 0)],
    1: [(0, 0), (8, 1), (5, 0)],
    2: [(0, 0), (5, 2), (6, 0)],
    3: [(0, 0), (6, 3), (7, 0)],
    4: [(0, 0), (7, 4), (8, 0)],
    5: [(1, 0), (12, 5), (9, 0), (2, 2)],
    6: [(2, 0), (9, 6), (10, 0), (3, 3)],
    7: [(3, 0), (10, 7), (11, 0), (4, 4)],
    8: [(4, 0), (11, 8), (12, 0), (1, 1)],
    9: [(5, 0), (13, 9), (6, 6)],
    10: [(6, 0), (13, 10), (7, 7)],
    11: [(7, 0), (13, 11), (8, 8)],
    12: [(8, 0), (13, 0), (5, 5)],
    13: [(12, 0), (11, 11), (10, 10), (9, 9)]}