bounded_net['icosidodecahedron'] = \
{   0: [(1, 0), (2, 0), (3, 0), (4, 0), (5, 0)],
    1: [(0, 0), (10, 0), (6, 1)],
    2: [(0, 0), (6, 0), (7, 0)],
    3: [(0, 0), (7, 2), (8, 3)],
    4: [(0, 0), (8, 0), (9, 4)],
    5: [(0, 0), (9, 0), (10, 5)],
    6: [(2, 0), (1, 1), (11, 0), (12, 0), (13, 7)],
    7: [(2, 0), (13, 0), (14, 0), (15, 0), (3, 2)],
    8: [(4, 0), (3, 3), (15, 8), (16, 0), (17, 9)],
    9: [(5, 0), (4, 4), (17, 0), (18, 0), (19, 10)],
    10: [(1, 0), (5, 5), (19, 0), (20, 0), (11, 6)],
    11: [(6, 0), (10, 6), (21, 11)],
    12: [(6, 0), (21, 0), (22, 12)],
    13: [(7, 0), (6, 7), (22, 0)],
    14: [(7, 0), (22, 13), (23, 14)],
    15: [(7, 0), (23, 0), (8, 8)],
    16: [(8, 0), (23, 15), (24, 16)],
    17: [(9, 0), (8, 9), (24, 17)],
    18: [(9, 0), (24, 0), (25, 18)],
    19: [(10, 0), (9, 10), (25, 19)],
    20: [(10, 0), (25, 0), (21, 20)],
    21: [(12, 0), (11, 11), (20, 20), (27, 0), (29, 21)],
    22: [(13, 0), (12, 12), (29, 0), (28, 0), (14, 13)],
    23: [(15, 0), (14, 14), (28, 22), (31, 0), (16, 15)],
    24: [(18, 0), (17, 17), (16, 16), (31, 23), (26, 24)],
    25: [(20, 0), (19, 19), (18, 18), (26, 0), (27, 25)],
    26: [(25, 0), (24, 24), (30, 28)],
    27: [(21, 0), (25, 25), (30, 26)],
    28: [(22, 0), (30, 0), (23, 22)],
    29: [(22, 0), (21, 21), (30, 29)],
    30: [(28, 0), (29, 29), (27, 26), (26, 28), (31, 27)],
    31: [(23, 0), (30, 27), (24, 23)]}