bounded_net['truncated_cuboctahedron'] = \
{   0: [(1, 0), (23, 0), (2, 0), (22, 0), (3, 0), (20, 0), (4, 0), (21, 0)],
    1: [(0, 0), (21, 1), (7, 0), (23, 2)],
    2: [(0, 0), (23, 6), (5, 0), (22, 7)],
    3: [(0, 0), (22, 11), (6, 0), (20, 12)],
    4: [(0, 0), (20, 16), (8, 0), (21, 17)],
    5: [(2, 0), (23, 5), (13, 0), (24, 0), (10, 0), (25, 0), (14, 0), (22, 8)],
    6: [   (3, 0),
           (22, 10),
           (14, 26),
           (25, 27),
           (17, 28),
           (19, 29),
           (12, 30),
           (20, 13)],
    7: [   (1, 0),
           (21, 20),
           (11, 21),
           (18, 22),
           (16, 23),
           (24, 24),
           (13, 25),
           (23, 3)],
    8: [(4, 0), (20, 15), (12, 0), (19, 0), (9, 0), (18, 0), (11, 0), (21, 18)],
    9: [(8, 0), (19, 45), (15, 40), (18, 46)],
    10: [(5, 0), (24, 34), (15, 0), (25, 35)],
    11: [(8, 0), (18, 47), (7, 21), (21, 19)],
    12: [(8, 0), (20, 14), (6, 30), (19, 44)],
    13: [(5, 0), (23, 4), (7, 25), (24, 31)],
    14: [(5, 0), (25, 38), (6, 26), (22, 9)],
    15: [   (10, 0),
            (24, 33),
            (16, 0),
            (18, 39),
            (9, 40),
            (19, 41),
            (17, 0),
            (25, 36)],
    16: [(15, 0), (24, 32), (7, 23), (18, 42)],
    17: [(15, 0), (19, 43), (6, 28), (25, 37)],
    18: [(8, 0), (9, 46), (15, 39), (16, 42), (7, 22), (11, 47)],
    19: [(8, 0), (12, 44), (6, 29), (17, 43), (15, 41), (9, 45)],
    20: [(0, 0), (3, 12), (6, 13), (12, 14), (8, 15), (4, 16)],
    21: [(0, 0), (4, 17), (8, 18), (11, 19), (7, 20), (1, 1)],
    22: [(0, 0), (2, 7), (5, 8), (14, 9), (6, 10), (3, 11)],
    23: [(0, 0), (1, 2), (7, 3), (13, 4), (5, 5), (2, 6)],
    24: [(5, 0), (13, 31), (7, 24), (16, 32), (15, 33), (10, 34)],
    25: [(5, 0), (10, 35), (15, 36), (17, 37), (6, 27), (14, 38)]}