bounded_net['truncated_icosahedron'] = \
{   0: [(24, 0), (1, 0), (31, 1), (11, 0), (29, 2), (12, 0)],
    1: [(0, 0), (24, 6), (2, 0), (23, 7), (3, 0), (31, 8)],
    2: [(1, 0), (24, 5), (13, 14), (26, 15), (6, 16), (23, 17)],
    3: [(1, 0), (23, 0), (5, 0), (22, 18), (4, 0), (31, 19)],
    4: [(3, 0), (22, 23), (8, 24), (30, 25), (11, 10), (31, 0)],
    5: [(3, 0), (23, 21), (6, 0), (21, 0), (7, 0), (22, 22)],
    6: [(5, 0), (23, 20), (2, 16), (26, 26), (10, 27), (21, 28)],
    7: [(5, 0), (21, 31), (9, 0), (27, 32), (8, 0), (22, 0)],
    8: [(7, 0), (27, 35), (19, 36), (30, 37), (4, 24), (22, 38)],
    9: [(7, 0), (21, 30), (10, 0), (20, 0), (18, 33), (27, 34)],
    10: [(9, 0), (21, 29), (6, 27), (26, 39), (17, 40), (20, 41)],
    11: [(0, 0), (31, 9), (4, 10), (30, 0), (15, 11), (29, 12)],
    12: [(0, 0), (29, 0), (14, 0), (25, 13), (13, 0), (24, 3)],
    13: [(12, 0), (25, 49), (17, 50), (26, 0), (2, 14), (24, 4)],
    14: [(12, 0), (29, 48), (15, 0), (28, 0), (16, 0), (25, 0)],
    15: [(14, 0), (29, 47), (11, 11), (30, 46), (19, 52), (28, 53)],
    16: [(14, 0), (28, 56), (18, 0), (20, 43), (17, 0), (25, 57)],
    17: [(16, 0), (20, 42), (10, 40), (26, 51), (13, 50), (25, 58)],
    18: [(16, 0), (28, 55), (19, 0), (27, 0), (9, 33), (20, 44)],
    19: [(18, 0), (28, 54), (15, 52), (30, 45), (8, 36), (27, 59)],
    20: [(9, 0), (10, 41), (17, 42), (16, 43), (18, 44)],
    21: [(5, 0), (6, 28), (10, 29), (9, 30), (7, 31)],
    22: [(7, 0), (8, 38), (4, 23), (3, 18), (5, 22)],
    23: [(3, 0), (1, 7), (2, 17), (6, 20), (5, 21)],
    24: [(0, 0), (12, 3), (13, 4), (2, 5), (1, 6)],
    25: [(14, 0), (16, 57), (17, 58), (13, 49), (12, 13)],
    26: [(13, 0), (17, 51), (10, 39), (6, 26), (2, 15)],
    27: [(18, 0), (19, 59), (8, 35), (7, 32), (9, 34)],
    28: [(14, 0), (15, 53), (19, 54), (18, 55), (16, 56)],
    29: [(12, 0), (0, 2), (11, 12), (15, 47), (14, 48)],
    30: [(11, 0), (4, 25), (8, 37), (19, 45), (15, 46)],
    31: [(4, 0), (11, 9), (0, 1), (1, 8), (3, 19)]}