bounded_net['truncated_octahedron'] = \
{   0: [(1, 0), (2, 0), (3, 0), (4, 0)],
    1: [(0, 0), (4, 1), (9, 2), (5, 0), (12, 3), (2, 4)],
    2: [(0, 0), (1, 4), (12, 0), (6, 0), (13, 0), (3, 5)],
    3: [(0, 0), (2, 5), (13, 6), (7, 0), (11, 7), (4, 8)],
    4: [(0, 0), (3, 8), (11, 9), (8, 0), (9, 10), (1, 1)],
    5: [(1, 0), (9, 11), (8, 12), (10, 13), (6, 14), (12, 15)],
    6: [(2, 0), (12, 16), (5, 14), (10, 17), (7, 18), (13, 19)],
    7: [(3, 0), (13, 20), (6, 18), (10, 21), (8, 22), (11, 23)],
    8: [(4, 0), (11, 0), (7, 22), (10, 0), (5, 12), (9, 0)],
    9: [(8, 0), (5, 11), (1, 2), (4, 10)],
    10: [(8, 0), (7, 21), (6, 17), (5, 13)],
    11: [(8, 0), (4, 9), (3, 7), (7, 23)],
    12: [(2, 0), (1, 3), (5, 15), (6, 16)],
    13: [(2, 0), (6, 19), (7, 20), (3, 6)]}