bounded_net['truncated_icosidodecahedron'] = \
{   0: [   (15, 0),
           (21, 0),
           (14, 0),
           (22, 0),
           (13, 0),
           (23, 0),
           (12, 1),
           (1, 0),
           (11, 0),
           (20, 0)],
    1: [(0, 0), (12, 0), (2, 0), (10, 0), (16, 0), (11, 15)],
    2: [   (1, 0),
           (12, 20),
           (23, 13),
           (43, 21),
           (31, 0),
           (8, 0),
           (3, 0),
           (9, 0),
           (17, 22),
           (10, 23)],
    3: [(2, 0), (8, 33), (4, 0), (7, 0), (28, 34), (9, 35)],
    4: [   (3, 0),
           (8, 32),
           (31, 30),
           (44, 38),
           (33, 39),
           (45, 40),
           (5, 0),
           (6, 0),
           (30, 41),
           (7, 42)],
    5: [(4, 0), (45, 45), (56, 46), (58, 47), (61, 48), (6, 49)],
    6: [(4, 0), (5, 49), (61, 50), (30, 51)],
    7: [(3, 0), (4, 42), (30, 43), (28, 44)],
    8: [(2, 0), (31, 31), (4, 32), (3, 33)],
    9: [(2, 0), (3, 35), (28, 36), (17, 37)],
    10: [(1, 0), (2, 23), (17, 24), (16, 25)],
    11: [(0, 0), (1, 15), (16, 16), (20, 17)],
    12: [(1, 0), (0, 1), (23, 14), (2, 20)],
    13: [(0, 0), (22, 10), (24, 0), (23, 11)],
    14: [(0, 0), (21, 6), (25, 0), (22, 7)],
    15: [(0, 0), (20, 2), (26, 0), (21, 3)],
    16: [   (1, 0),
            (10, 25),
            (17, 0),
            (41, 0),
            (18, 0),
            (39, 0),
            (19, 0),
            (55, 26),
            (20, 18),
            (11, 16)],
    17: [(16, 0), (10, 24), (2, 22), (9, 37), (28, 0), (41, 61)],
    18: [(16, 0), (41, 63), (28, 64), (40, 0), (27, 65), (39, 66)],
    19: [(16, 0), (39, 68), (27, 0), (52, 69), (26, 58), (55, 70)],
    20: [(0, 0), (11, 17), (16, 18), (55, 0), (26, 19), (15, 2)],
    21: [(0, 0), (15, 3), (26, 4), (54, 0), (25, 5), (14, 6)],
    22: [(0, 0), (14, 7), (25, 8), (47, 0), (24, 9), (13, 10)],
    23: [(0, 0), (13, 11), (24, 12), (43, 0), (2, 13), (12, 14)],
    24: [   (13, 0),
            (22, 9),
            (47, 52),
            (32, 0),
            (46, 0),
            (33, 0),
            (44, 0),
            (31, 28),
            (43, 53),
            (23, 12)],
    25: [   (14, 0),
            (21, 5),
            (54, 54),
            (35, 0),
            (49, 0),
            (34, 0),
            (48, 0),
            (32, 55),
            (47, 56),
            (22, 8)],
    26: [   (15, 0),
            (20, 19),
            (55, 57),
            (19, 58),
            (52, 0),
            (36, 0),
            (51, 0),
            (35, 59),
            (54, 60),
            (21, 4)],
    27: [   (19, 0),
            (39, 67),
            (18, 65),
            (40, 73),
            (29, 74),
            (38, 0),
            (37, 0),
            (53, 75),
            (36, 76),
            (52, 77)],
    28: [   (17, 0),
            (9, 36),
            (3, 34),
            (7, 44),
            (30, 0),
            (42, 0),
            (29, 0),
            (40, 71),
            (18, 64),
            (41, 62)],
    29: [(28, 0), (42, 108), (61, 109), (38, 99), (27, 74), (40, 72)],
    30: [(28, 0), (7, 43), (4, 41), (6, 51), (61, 106), (42, 107)],
    31: [(2, 0), (43, 27), (24, 28), (44, 29), (4, 30), (8, 31)],
    32: [(24, 0), (47, 79), (25, 55), (48, 80), (56, 81), (46, 82)],
    33: [(24, 0), (46, 84), (56, 85), (45, 0), (4, 39), (44, 86)],
    34: [(25, 0), (49, 90), (59, 91), (50, 0), (56, 92), (48, 93)],
    35: [(25, 0), (54, 78), (26, 59), (51, 87), (59, 88), (49, 89)],
    36: [(26, 0), (52, 95), (27, 76), (53, 0), (59, 96), (51, 97)],
    37: [(27, 0), (38, 101), (61, 102), (60, 103), (59, 104), (53, 105)],
    38: [(27, 0), (29, 99), (61, 100), (37, 101)],
    39: [(16, 0), (18, 66), (27, 67), (19, 68)],
    40: [(18, 0), (28, 71), (29, 72), (27, 73)],
    41: [(16, 0), (17, 61), (28, 62), (18, 63)],
    42: [(28, 0), (30, 107), (61, 0), (29, 108)],
    43: [(23, 0), (24, 53), (31, 27), (2, 21)],
    44: [(24, 0), (33, 86), (4, 38), (31, 29)],
    45: [(33, 0), (56, 0), (5, 45), (4, 40)],
    46: [(24, 0), (32, 82), (56, 83), (33, 84)],
    47: [(22, 0), (25, 56), (32, 79), (24, 52)],
    48: [(25, 0), (34, 93), (56, 94), (32, 80)],
    49: [(25, 0), (35, 89), (59, 0), (34, 90)],
    50: [(34, 0), (59, 110), (57, 111), (56, 112)],
    51: [(26, 0), (36, 97), (59, 98), (35, 87)],
    52: [(26, 0), (19, 69), (27, 77), (36, 95)],
    53: [(36, 0), (27, 75), (37, 105), (59, 113)],
    54: [(21, 0), (26, 60), (35, 78), (25, 54)],
    55: [(20, 0), (16, 26), (19, 70), (26, 57)],
    56: [   (45, 0),
            (33, 85),
            (46, 83),
            (32, 81),
            (48, 94),
            (34, 92),
            (50, 112),
            (57, 0),
            (58, 0),
            (5, 46)],
    57: [(56, 0), (50, 111), (59, 117), (60, 118), (61, 115), (58, 119)],
    58: [(56, 0), (57, 119), (61, 114), (5, 47)],
    59: [   (49, 0),
            (35, 88),
            (51, 98),
            (36, 96),
            (53, 113),
            (37, 104),
            (60, 0),
            (57, 117),
            (50, 110),
            (34, 91)],
    60: [(59, 0), (37, 103), (61, 116), (57, 118)],
    61: [   (42, 0),
            (30, 106),
            (6, 50),
            (5, 48),
            (58, 114),
            (57, 115),
            (60, 116),
            (37, 102),
            (38, 100),
            (29, 109)]}