all_tilings['hexagonal_antiprism'] = \
{   0: [(3, 0), (1, 0), (11, 0), (9, 0), (7, 0), (5, 0)],
    1: [(0, 0), (2, 0), (12, 2)],
    2: [(1, 0), (3, 1), (13, 7)],
    3: [(0, 0), (4, 0), (2, 1)],
    4: [(3, 0), (5, 6), (13, 8)],
    5: [(0, 0), (6, 0), (4, 6)],
    6: [(5, 0), (7, 5), (13, 9)],
    7: [(0, 0), (8, 0), (6, 5)],
    8: [(7, 0), (9, 4), (13, 10)],
    9: [(0, 0), (10, 0), (8, 4)],
    10: [(9, 0), (11, 3), (13, 11)],
    11: [(0, 0), (12, 0), (10, 3)],
    12: [(11, 0), (1, 2), (13, 0)],
    13: [(12, 0), (2, 7), (4, 8), (6, 9), (8, 10), (10, 11)]}