bounded_net['rhombicosidodecahedron'] = \
{   0: [(3, 0), (4, 0), (5, 1), (1, 0), (2, 0)],
    1: [(0, 0), (56, 5), (6, 0), (57, 0)],
    2: [(0, 0), (57, 6), (19, 7), (58, 8)],
    3: [(0, 0), (58, 0), (14, 0), (59, 2)],
    4: [(0, 0), (59, 0), (15, 3), (55, 4)],
    5: [(8, 0), (56, 17), (0, 1), (55, 19)],
    6: [(1, 0), (7, 0), (11, 0), (12, 0), (13, 0)],
    7: [(6, 0), (56, 0), (8, 0), (37, 0)],
    8: [(7, 0), (5, 0), (9, 0), (10, 0), (38, 18)],
    9: [(8, 0), (55, 0), (15, 0), (52, 0)],
    10: [(8, 0), (52, 20), (16, 0), (39, 21)],
    11: [(6, 0), (37, 14), (17, 0), (40, 15)],
    12: [(6, 0), (40, 0), (18, 0), (43, 16)],
    13: [(6, 0), (43, 0), (19, 0), (57, 9)],
    14: [(3, 0), (22, 11), (23, 0), (24, 0), (25, 12)],
    15: [(9, 0), (4, 3), (25, 0), (26, 0), (53, 22)],
    16: [(10, 0), (53, 23), (27, 0), (28, 0), (29, 24)],
    17: [(11, 0), (38, 25), (29, 0), (30, 0), (31, 26)],
    18: [(12, 0), (31, 0), (32, 0), (33, 0), (20, 28)],
    19: [(13, 0), (20, 0), (21, 0), (22, 0), (2, 7)],
    20: [(19, 0), (43, 29), (18, 28), (44, 50)],
    21: [(19, 0), (44, 0), (34, 0), (45, 51)],
    22: [(19, 0), (45, 0), (14, 11), (58, 10)],
    23: [(14, 0), (45, 30), (34, 31), (60, 32)],
    24: [(14, 0), (60, 0), (36, 33), (61, 34)],
    25: [(15, 0), (59, 13), (14, 12), (61, 0)],
    26: [(15, 0), (61, 35), (36, 0), (54, 36)],
    27: [(16, 0), (54, 37), (36, 38), (51, 39)],
    28: [(16, 0), (51, 0), (35, 40), (50, 41)],
    29: [(17, 0), (39, 42), (16, 24), (50, 43)],
    30: [(17, 0), (50, 0), (35, 44), (41, 45)],
    31: [(18, 0), (40, 27), (17, 26), (41, 0)],
    32: [(18, 0), (41, 46), (35, 0), (42, 47)],
    33: [(18, 0), (42, 0), (34, 48), (44, 49)],
    34: [(21, 0), (33, 48), (46, 0), (47, 0), (23, 31)],
    35: [(32, 0), (30, 44), (28, 40), (49, 0), (46, 56)],
    36: [(26, 0), (24, 33), (47, 53), (49, 54), (27, 38)],
    37: [(7, 0), (38, 0), (11, 14)],
    38: [(37, 0), (8, 18), (39, 0), (17, 25)],
    39: [(38, 0), (10, 21), (29, 42)],
    40: [(12, 0), (11, 15), (31, 27)],
    41: [(31, 0), (30, 45), (32, 46)],
    42: [(33, 0), (32, 47), (46, 57)],
    43: [(13, 0), (12, 16), (20, 29)],
    44: [(21, 0), (20, 50), (33, 49)],
    45: [(22, 0), (21, 51), (23, 30)],
    46: [(34, 0), (42, 57), (35, 56), (48, 0)],
    47: [(34, 0), (48, 58), (36, 53), (60, 52)],
    48: [(46, 0), (49, 59), (47, 58)],
    49: [(35, 0), (51, 55), (36, 54), (48, 59)],
    50: [(30, 0), (29, 43), (28, 41)],
    51: [(28, 0), (27, 39), (49, 55)],
    52: [(9, 0), (53, 0), (10, 20)],
    53: [(52, 0), (15, 22), (54, 0), (16, 23)],
    54: [(53, 0), (26, 36), (27, 37)],
    55: [(9, 0), (5, 19), (4, 4)],
    56: [(7, 0), (1, 5), (5, 17)],
    57: [(1, 0), (13, 9), (2, 6)],
    58: [(3, 0), (2, 8), (22, 10)],
    59: [(4, 0), (3, 2), (25, 13)],
    60: [(24, 0), (23, 32), (47, 52)],
    61: [(25, 0), (24, 34), (26, 35)]}