bounded_net['rhombicuboctahedron'] = \
{   0: [(1, 0), (2, 0), (3, 0), (4, 0)],
    1: [(0, 0), (22, 1), (5, 0), (18, 2)],
    2: [(0, 0), (18, 0), (6, 0), (21, 0)],
    3: [(0, 0), (21, 3), (10, 0), (23, 4)],
    4: [(0, 0), (23, 0), (11, 0), (22, 0)],
    5: [(1, 0), (14, 5), (17, 6), (7, 7)],
    6: [(2, 0), (7, 0), (8, 0), (9, 0)],
    7: [(6, 0), (18, 8), (5, 7), (19, 15)],
    8: [(6, 0), (19, 0), (15, 16), (20, 0)],
    9: [(6, 0), (20, 17), (10, 10), (21, 9)],
    10: [(3, 0), (9, 10), (16, 11), (12, 12)],
    11: [(4, 0), (12, 0), (13, 0), (14, 0)],
    12: [(11, 0), (23, 13), (10, 12), (25, 20)],
    13: [(11, 0), (25, 0), (15, 0), (24, 0)],
    14: [(11, 0), (24, 21), (5, 5), (22, 14)],
    15: [(13, 0), (16, 0), (8, 16), (17, 0)],
    16: [(15, 0), (25, 22), (10, 11), (20, 19)],
    17: [(15, 0), (19, 18), (5, 6), (24, 23)],
    18: [(2, 0), (1, 2), (7, 8)],
    19: [(8, 0), (7, 15), (17, 18)],
    20: [(8, 0), (16, 19), (9, 17)],
    21: [(2, 0), (9, 9), (3, 3)],
    22: [(4, 0), (14, 14), (1, 1)],
    23: [(4, 0), (3, 4), (12, 13)],
    24: [(13, 0), (17, 23), (14, 21)],
    25: [(13, 0), (12, 20), (16, 22)]}