bounded_net['truncated_dodecahedron'] = \
{   0: [   (4, 1),
           (13, 2),
           (1, 0),
           (17, 3),
           (5, 4),
           (28, 5),
           (11, 6),
           (27, 0),
           (6, 0),
           (26, 0)],
    1: [   (0, 0),
           (13, 0),
           (4, 0),
           (14, 0),
           (3, 0),
           (15, 0),
           (2, 0),
           (16, 0),
           (5, 0),
           (17, 0)],
    2: [   (1, 0),
           (15, 29),
           (3, 27),
           (30, 30),
           (9, 31),
           (23, 32),
           (10, 33),
           (29, 0),
           (5, 34),
           (16, 35)],
    3: [   (1, 0),
           (14, 22),
           (4, 20),
           (31, 23),
           (8, 24),
           (24, 25),
           (9, 26),
           (30, 0),
           (2, 27),
           (15, 28)],
    4: [   (1, 0),
           (13, 17),
           (0, 1),
           (26, 16),
           (6, 14),
           (25, 18),
           (8, 19),
           (31, 0),
           (3, 20),
           (14, 21)],
    5: [   (1, 0),
           (16, 36),
           (2, 34),
           (29, 37),
           (10, 38),
           (22, 39),
           (11, 40),
           (28, 0),
           (0, 4),
           (17, 41)],
    6: [   (0, 0),
           (27, 8),
           (11, 9),
           (12, 10),
           (7, 0),
           (18, 11),
           (8, 12),
           (25, 13),
           (4, 14),
           (26, 15)],
    7: [   (6, 0),
           (12, 0),
           (11, 0),
           (21, 0),
           (10, 0),
           (20, 0),
           (9, 0),
           (19, 0),
           (8, 0),
           (18, 0)],
    8: [   (7, 0),
           (19, 57),
           (9, 55),
           (24, 58),
           (3, 24),
           (31, 44),
           (4, 19),
           (25, 0),
           (6, 12),
           (18, 59)],
    9: [   (7, 0),
           (20, 53),
           (10, 51),
           (23, 54),
           (2, 31),
           (30, 43),
           (3, 26),
           (24, 0),
           (8, 55),
           (19, 56)],
    10: [   (7, 0),
            (21, 49),
            (11, 47),
            (22, 50),
            (5, 38),
            (29, 42),
            (2, 33),
            (23, 0),
            (9, 51),
            (20, 52)],
    11: [   (7, 0),
            (12, 46),
            (6, 9),
            (27, 7),
            (0, 6),
            (28, 45),
            (5, 40),
            (22, 0),
            (10, 47),
            (21, 48)],
    12: [(7, 0), (6, 10), (11, 46)],
    13: [(1, 0), (0, 2), (4, 17)],
    14: [(1, 0), (4, 21), (3, 22)],
    15: [(1, 0), (3, 28), (2, 29)],
    16: [(1, 0), (2, 35), (5, 36)],
    17: [(1, 0), (5, 41), (0, 3)],
    18: [(7, 0), (8, 59), (6, 11)],
    19: [(7, 0), (9, 56), (8, 57)],
    20: [(7, 0), (10, 52), (9, 53)],
    21: [(7, 0), (11, 48), (10, 49)],
    22: [(11, 0), (5, 39), (10, 50)],
    23: [(10, 0), (2, 32), (9, 54)],
    24: [(9, 0), (3, 25), (8, 58)],
    25: [(8, 0), (4, 18), (6, 13)],
    26: [(0, 0), (6, 15), (4, 16)],
    27: [(0, 0), (11, 7), (6, 8)],
    28: [(5, 0), (11, 45), (0, 5)],
    29: [(2, 0), (10, 42), (5, 37)],
    30: [(3, 0), (9, 43), (2, 30)],
    31: [(4, 0), (8, 44), (3, 23)]}