bounded_net['truncated_cube'] = \
{   0: [(1, 0), (10, 0), (2, 0), (11, 0), (5, 0), (9, 1), (3, 0), (8, 2)],
    1: [(0, 0), (8, 3), (3, 4), (6, 5), (4, 6), (12, 7), (2, 8), (10, 9)],
    2: [(0, 0), (10, 10), (1, 8), (12, 0), (4, 11), (13, 0), (5, 12), (11, 13)],
    3: [(0, 0), (9, 0), (5, 18), (7, 20), (4, 0), (6, 21), (1, 4), (8, 0)],
    4: [(3, 0), (7, 0), (5, 16), (13, 23), (2, 11), (12, 22), (1, 6), (6, 0)],
    5: [   (0, 0),
           (11, 14),
           (2, 12),
           (13, 15),
           (4, 16),
           (7, 17),
           (3, 18),
           (9, 19)],
    6: [(4, 0), (1, 5), (3, 21)],
    7: [(4, 0), (3, 20), (5, 17)],
    8: [(3, 0), (1, 3), (0, 2)],
    9: [(3, 0), (0, 1), (5, 19)],
    10: [(0, 0), (1, 9), (2, 10)],
    11: [(0, 0), (2, 13), (5, 14)],
    12: [(2, 0), (1, 7), (4, 22)],
    13: [(2, 0), (4, 23), (5, 15)]}