bounded_net['decagonal_prism'] = \
{   0: [   (1, 0),
           (2, 0),
           (3, 0),
           (4, 0),
           (5, 0),
           (6, 0),
           (7, 0),
           (8, 0),
           (9, 0),
           (10, 0)],
    1: [(0, 0), (10, 1), (11, 0), (2, 2)],
    2: [(0, 0), (1, 2), (11, 3), (3, 4)],
    3: [(0, 0), (2, 4), (11, 5), (4, 6)],
    4: [(0, 0), (3, 6), (11, 7), (5, 8)],
    5: [(0, 0), (4, 8), (11, 9), (6, 10)],
    6: [(0, 0), (5, 10), (11, 11), (7, 12)],
    7: [(0, 0), (6, 12), (11, 13), (8, 14)],
    8: [(0, 0), (7, 14), (11, 15), (9, 16)],
    9: [(0, 0), (8, 16), (11, 17), (10, 18)],
    10: [(0, 0), (9, 18), (11, 19), (1, 1)],
    11: [   (1, 0),
            (10, 19),
            (9, 17),
            (8, 15),
            (7, 13),
            (6, 11),
            (5, 9),
            (4, 7),
            (3, 5),
            (2, 3)]}