bounded_net['decagonal_antiprism'] = \
{   0: [   (1, 0),
           (2, 0),
           (3, 0),
           (4, 0),
           (5, 0),
           (6, 0),
           (7, 0),
           (8, 0),
           (9, 0),
           (10, 0)],
    1: [(0, 0), (20, 1), (11, 0)],
    2: [(0, 0), (11, 2), (12, 0)],
    3: [(0, 0), (12, 3), (13, 0)],
    4: [(0, 0), (13, 4), (14, 0)],
    5: [(0, 0), (14, 5), (15, 0)],
    6: [(0, 0), (15, 6), (16, 0)],
    7: [(0, 0), (16, 7), (17, 0)],
    8: [(0, 0), (17, 8), (18, 0)],
    9: [(0, 0), (18, 9), (19, 0)],
    10: [(0, 0), (19, 10), (20, 0)],
    11: [(1, 0), (21, 0), (2, 2)],
    12: [(2, 0), (21, 11), (3, 3)],
    13: [(3, 0), (21, 12), (4, 4)],
    14: [(4, 0), (21, 13), (5, 5)],
    15: [(5, 0), (21, 14), (6, 6)],
    16: [(6, 0), (21, 15), (7, 7)],
    17: [(7, 0), (21, 16), (8, 8)],
    18: [(8, 0), (21, 17), (9, 9)],
    19: [(9, 0), (21, 18), (10, 10)],
    20: [(10, 0), (21, 19), (1, 1)],
    21: [   (11, 0),
            (20, 19),
            (19, 18),
            (18, 17),
            (17, 16),
            (16, 15),
            (15, 14),
            (14, 13),
            (13, 12),
            (12, 11)]}