bounded_net['dodecagonal_antiprism'] = \
{   0: [   (1, 0),
           (2, 0),
           (3, 0),
           (4, 0),
           (5, 0),
           (6, 0),
           (7, 0),
           (8, 0),
           (9, 0),
           (10, 0),
           (11, 0),
           (12, 0)],
    1: [(0, 0), (24, 1), (13, 0)],
    2: [(0, 0), (13, 2), (14, 0)],
    3: [(0, 0), (14, 3), (15, 0)],
    4: [(0, 0), (15, 4), (16, 0)],
    5: [(0, 0), (16, 5), (17, 0)],
    6: [(0, 0), (17, 6), (18, 0)],
    7: [(0, 0), (18, 7), (19, 0)],
    8: [(0, 0), (19, 8), (20, 0)],
    9: [(0, 0), (20, 9), (21, 0)],
    10: [(0, 0), (21, 10), (22, 0)],
    11: [(0, 0), (22, 11), (23, 0)],
    12: [(0, 0), (23, 12), (24, 0)],
    13: [(1, 0), (25, 0), (2, 2)],
    14: [(2, 0), (25, 13), (3, 3)],
    15: [(3, 0), (25, 14), (4, 4)],
    16: [(4, 0), (25, 15), (5, 5)],
    17: [(5, 0), (25, 16), (6, 6)],
    18: [(6, 0), (25, 17), (7, 7)],
    19: [(7, 0), (25, 18), (8, 8)],
    20: [(8, 0), (25, 19), (9, 9)],
    21: [(9, 0), (25, 20), (10, 10)],
    22: [(10, 0), (25, 21), (11, 11)],
    23: [(11, 0), (25, 22), (12, 12)],
    24: [(12, 0), (25, 23), (1, 1)],
    25: [   (13, 0),
            (24, 23),
            (23, 22),
            (22, 21),
            (21, 20),
            (20, 19),
            (19, 18),
            (18, 17),
            (17, 16),
            (16, 15),
            (15, 14),
            (14, 13)]}